lr0: 0.00957
lrf: 0.01
momentum: 0.93207
weight_decay: 0.00049
warmup_epochs: 3.1393
warmup_momentum: 0.84174
warmup_bias_lr: 0.09842
box: 0.05225
cls: 0.52986
cls_pw: 1.0151
obj: 0.98735
obj_pw: 1.0162
iou_t: 0.2
anchor_t: 4.1296
fl_gamma: 1.0
hsv_h: 0.00612
hsv_s: 0.68896
hsv_v: 0.68876
degrees: 90
translate: 0.09293
scale: 0.8
shear: 0.0
perspective: 0.001
flipud: 1.0
fliplr: 1.0
mosaic: 0.95124
mixup: 0.2
copy_paste: 1.0
anchors: 3.0455
